FLEX
   1   1   1
READ
   10
    0.1729307691E+00    0.4637493303E+00
    0.1100000000E+01    0.1525333333E+01
    0.3447487047E+01    0.2973482386E+01
    0.5254460438E+01    0.6474248308E+00
    0.6292344072E+01    0.1398526957E+01
    0.7970774243E+01    0.1909150253E+01
    0.1000000000E+02    0.2089795918E+01
    0.1202922576E+02    0.1909150253E+01
    0.1370765593E+02    0.1398526957E+01
    0.1474553956E+02    0.6474248308E+00
TRNS
    0.1000000013E-09    0.4999999859E-09    0.1999999943E-08    1    0
TRNS
    0.1000000013E-09    0.4999999859E-09    0.1999999943E-08    1    0
TRNS
    0.1000000013E-09    0.4999999859E-09    0.1999999943E-08    1    0
TRNS
    0.1000000013E-09    0.4999999859E-09    0.1999999943E-08    1    0
